0000000000000000000000000000000000000000000000000000000000000001

0000000000000000000000000000000000000000000000000000000100000000

0000000000000000000000000000000000000000000000010000000000000000

0000000000000000000000000000000000000001000000000000000000000000

0000000000000000000000000000000100000000000000000000000000000000

0000000000000000000000010000000000000000000000000000000000000000

0000000000000001000000000000000000000000000000000000000000000000

0000000100000000000000000000000000000000000000000000000000000000

DDB7F11471AFC9F6B6D14865B568A7A2BA08EE995E4D9E0A18671BCA3933224B